Top	Basic		+Size		+Ngram similarities		+Toolword clues	
Precision	Pos	Rank	Pos	Rank	Pos	Rank	Pos	Rank
10	0%	160%	30%	40%	70%	70%	70%	70%
25	0%	64%	16%	36%	44%	44%	48%	48%
50	2%	32%	18%	18%	24%	24%	28%	28%
75	1%	21%	13%	16%	19%	19%	21%	21%
100	1%	16%	10%	12%	17%	17%	17%	17%
200	1%	8%	7%	7%	9%	9%	9%	9%



AVG:	0,012425194	13,47622443	0,160100857	0,344734155	0,506910005	0,517992738	0,605061641	0,607004353


Doc:	Punctuations & stopwords		Size		Ngram similarities		Toolwords clues	
1	0,010526316	16	0,3	1	1	1	1	1
2	0,009049774	16	0,094017094	0,162162162	1	1	1	1
3	0,009944751	16	0,166666667	0,428571429	1	1	1	1
4	0,013828868	16	0,209302326	0,428571429	1	1	1	1
5	0,009628611	16	0,266666667	1	0,666666667	0,75	1	1
6	0,014035088	16	0,5	1	0,714285714	0,714285714	0,857142857	0,857142857
7	0,01319797	16	0,333333333	0,5	0,533333333	0,533333333	0,777777778	0,777777778
8	0,010493827	0,016088061	0,044917258	0,044917258	0,7	0,7	0,727272727	0,727272727
9	0,011904762	16	0,045325779	0,048192771	0,526315789	0,578947368	0,692307692	0,692307692
10	0,010373444	16	0,184210526	0,428571429	0,5	0,5	0,714285714	0,714285714
11	0,007331976	0,016088061	0,044917258	0,044917258	0,55	0,578947368	0,611111111	0,611111111
12	0,027777778	16	0,135135135	0,162162162	0,342857143	0,342857143	0,571428571	0,571428571
13	0,011293634	16	0,058091286	0,074074074	0,1875	0,1875	0,433333333	0,433333333
14	0,011737089	16	0,185185185	0,428571429	0,180851064	0,184782609	0,291666667	0,29787234
15	0,012244898	16	0,2	0,428571429	0,220338983	0,224137931	0,254237288	0,25862069
16	0,007341577	0,016088061	0,044917258	0,044917258	0,189189189	0,208955224	0,225352113	0,242424242
17	0,013673655	16	0,097560976	0,162162162	0,177777778	0,177777778	0,2125	0,2125
18	0,013346044	16	0,071428571	0,102362205	0,068100358	0,080168776	0,045563549	0,053672316
19	0,018348624	16	0,060240964	0,06122449	0,074074074	0,080168776	0,082191781	0,083333333
AVG:	0,012425194	13,47622443	0,160100857	0,344734155	0,506910005	0,517992738	0,605061641	0,607004353


AVG:	0,012425194	13,47622443	0,160100857	0,344734155	0,506910005	0,517992738	0,605061641	0,607004353




Precision at candidate	+Size	+Ngram similarities	+Toolword clues
			
10	40	70	70
25	36	44	48
50	18	24	28
100	12	17	17
200	7	9	9
MAP:	34	52	61
